% name: utt2a_forw
% type: matrix
% rows: 69
% columns: 20
 -1.70141e+38 0 -1.70141e+38 -1.70141e+38 -1.70141e+38 -1.70141e+38 -1.70141e+38 -1.70141e+38 -1.70141e+38 -1.70141e+38 -1.70141e+38 -1.70141e+38 -1.70141e+38 -1.70141e+38 -1.70141e+38 -1.70141e+38 -1.70141e+38 -1.70141e+38 -1.70141e+38 -1.70141e+38
 -1.70141e+38 -1.70141e+38 -7.86224 -9.39286 -1.70141e+38 -1.70141e+38 -1.70141e+38 -1.70141e+38 -1.70141e+38 -1.70141e+38 -1.70141e+38 -1.70141e+38 -1.70141e+38 -1.70141e+38 -1.70141e+38 -1.70141e+38 -1.70141e+38 -1.70141e+38 -1.70141e+38 -1.70141e+38
 -1.70141e+38 -1.70141e+38 -1.70141e+38 -1.70141e+38 -15.9828 -31.6589 -17.4061 -14.5773 -1.70141e+38 -1.70141e+38 -1.70141e+38 -1.70141e+38 -1.70141e+38 -1.70141e+38 -1.70141e+38 -1.70141e+38 -1.70141e+38 -1.70141e+38 -1.70141e+38 -1.70141e+38
 -1.70141e+38 -1.70141e+38 -1.70141e+38 -1.70141e+38 -21.3658 -39.0406 -24.3181 -17.8551 -58.5481 -20.801 -20.801 -1.70141e+38 -1.70141e+38 -1.70141e+38 -1.70141e+38 -1.70141e+38 -1.70141e+38 -1.70141e+38 -1.70141e+38 -1.70141e+38
 -1.70141e+38 -1.70141e+38 -25.3749 -1.70141e+38 -25.9397 -36.6721 -31.2012 -21.6124 -58.963 -23.6553 -23.6553 -86.7441 -1.70141e+38 -1.70141e+38 -1.70141e+38 -1.70141e+38 -1.70141e+38 -1.70141e+38 -1.70141e+38 -1.70141e+38
 -1.70141e+38 -1.70141e+38 -28.0916 -1.70141e+38 -29.3611 -42.4372 -37.2936 -24.6045 -55.1964 -27.2977 -27.2977 -89.5388 -133.437 -1.70141e+38 -1.70141e+38 -1.70141e+38 -1.70141e+38 -1.70141e+38 -1.70141e+38 -1.70141e+38
 -1.70141e+38 -1.70141e+38 -32.5475 -1.70141e+38 -33.0938 -43.1005 -44.2313 -29.1565 -57.3379 -30.4928 -30.4928 -82.9663 -136.064 -166.164 -166.164 -1.70141e+38 -1.70141e+38 -1.70141e+38 -1.70141e+38 -1.70141e+38
 -1.70141e+38 -1.70141e+38 -34.6451 -1.70141e+38 -36.2429 -47.6808 -50.4441 -32.0947 -63.0026 -34.0379 -34.0379 -87.2277 -131.751 -166.372 -166.372 -172.377 -1.70141e+38 -1.70141e+38 -1.70141e+38 -1.70141e+38
 -1.70141e+38 -1.70141e+38 -41.6613 -1.70141e+38 -42.0842 -63.9642 -58.6264 -37.5816 -70.4518 -39.6778 -39.6778 -104.013 -149.576 -171.292 -171.292 -174.554 -180.559 -177.864 -1.70141e+38 -1.70141e+38
 -1.70141e+38 -1.70141e+38 -46.8332 -1.70141e+38 -48.3129 -66.4104 -66.6297 -43.1015 -84.6955 -45.183 -45.183 -109.068 -156.913 -186.362 -186.362 -179.295 -182.555 -180.036 -185.581 -185.581
 -1.70141e+38 -1.70141e+38 -51.4647 -1.70141e+38 -52.9097 -69.2329 -74.5209 -47.5723 -92.5 -50.4853 -50.4853 -122.188 -166.656 -196.195 -196.195 -194.253 -187.148 -183.35 -187.533 -187.533
 -1.70141e+38 -1.70141e+38 -56.2216 -1.70141e+38 -56.9893 -76.4935 -81.8993 -51.9853 -93.8453 -54.6679 -54.6679 -127.137 -177.126 -201.225 -201.225 -203.573 -194.527 -187.741 -190.484 -190.484
 -1.70141e+38 -1.70141e+38 -57.8142 -1.70141e+38 -58.9867 -70.2271 -87.1706 -54.5128 -96.3815 -56.4591 -56.4591 -119.63 -173.796 -205.959 -205.959 -206.496 -199.798 -190.267 -192.219 -192.219
 -1.70141e+38 -1.70141e+38 -61.1274 -1.70141e+38 -62.2128 -70.2706 -94.2448 -59.8977 -86.8033 -60.776 -60.776 -121.584 -169.146 -206.656 -206.656 -213.033 -206.871 -195.652 -196.531 -196.531
 -1.70141e+38 -1.70141e+38 -65.1402 -1.70141e+38 -65.2006 -73.1197 -101.524 -65.0264 -90.0077 -65.7416 -65.7416 -116.243 -170.178 -199.58 -199.58 -213.935 -214.148 -200.781 -201.496 -201.496
 -1.70141e+38 -1.70141e+38 -72.172 -1.70141e+38 -70.9072 -78.9148 -111.622 -72.9081 -92.7733 -73.8258 -73.8258 -121.367 -166.034 -207.199 -207.199 -209.679 -223.44 -208.663 -209.58 -209.58
 -1.70141e+38 -1.70141e+38 -82.4397 -1.70141e+38 -79.2724 -89.9194 -122.761 -84.2964 -93.2287 -82.6007 -82.6007 -117.246 -172.496 -203.569 -203.569 -218.338 -220.817 -219.742 -218.355 -218.355
 -1.70141e+38 -1.70141e+38 -96.1407 -1.70141e+38 -92.7713 -118.607 -147.111 -116.649 -116.31 -101.436 -101.436 -128.557 -181.712 -229.637 -229.637 -227.92 -242.608 -250.407 -237.136 -237.136
 -1.70141e+38 -1.70141e+38 -110.879 -1.70141e+38 -102.18 -121.668 -158.705 -126.807 -137.752 -113.358 -113.358 -153.161 -184.996 -222.676 -222.676 -241.231 -239.514 -238.077 -249.058 -249.058
 -1.70141e+38 -1.70141e+38 -117.936 -1.70141e+38 -106.758 -112.964 -164.88 -130.949 -135.929 -118.8 -118.8 -162.331 -200.902 -215.954 -215.954 -228.851 -245.523 -241.972 -243.519 -243.519
 -1.70141e+38 -1.70141e+38 -122.167 -1.70141e+38 -110.124 -122.417 -170.633 -133.89 -130.554 -123.857 -123.857 -163.256 -209.892 -230.508 -230.508 -221.707 -234.604 -231.792 -246.835 -246.835
 -1.70141e+38 -1.70141e+38 -127.266 -1.70141e+38 -113.533 -123.682 -176.961 -137.5 -141.347 -129.386 -129.386 -158.225 -208.533 -238.081 -238.081 -236.836 -228.035 -225.317 -237.321 -237.321
 -1.70141e+38 -1.70141e+38 -143.179 -1.70141e+38 -127.327 -134.399 -189.026 -148.486 -152.788 -140.616 -140.616 -181.943 -223.308 -255.304 -255.304 -250.145 -240.099 -236.239 -236.547 -236.547
 -1.70141e+38 -1.70141e+38 -155.328 -1.70141e+38 -142.039 -140.955 -203.264 -165.023 -153.825 -153.077 -153.077 -178.535 -219.682 -257.09 -257.09 -269.543 -254.338 -252.755 -248.149 -248.149
 -1.70141e+38 -1.70141e+38 -161.877 -1.70141e+38 -150.838 -156.438 -212.297 -171.904 -158.844 -161.233 -161.233 -189.372 -239.607 -260.943 -260.943 -266.122 -263.371 -259.449 -256.295 -256.295
 -1.70141e+38 -1.70141e+38 -185.142 -1.70141e+38 -174.748 -180.711 -235.162 -201.869 -175.189 -184.643 -184.643 -208.96 -273.441 -308.795 -308.795 -283.808 -286.174 -289.394 -279.664 -279.664
 -1.70141e+38 -1.70141e+38 -214.606 -1.70141e+38 -204.711 -196.233 -260.578 -235.049 -190.132 -209.807 -209.807 -221.752 -296.089 -353.688 -353.688 -334.211 -309.135 -316.895 -304.827 -304.827
 -1.70141e+38 -1.70141e+38 -235.308 -1.70141e+38 -230.212 -206.48 -283.848 -266.506 -198.609 -233.45 -233.45 -220.763 -288.613 -359.321 -359.321 -376.958 -332.405 -340.591 -328.47 -328.47
 -1.70141e+38 -1.70141e+38 -262.045 -1.70141e+38 -258.801 -235.387 -311.624 -306.487 -211.175 -262.574 -262.574 -227.433 -280.978 -342.868 -342.868 -387.097 -360.18 -372.385 -357.594 -357.594
 -1.70141e+38 -1.70141e+38 -325.131 -1.70141e+38 -321.319 -286.014 -350.55 -371.703 -236.4 -308.074 -308.074 -224.309 -254.092 -314.908 -314.908 -381.795 -399.107 -425.402 -403.094 -403.094
 -1.70141e+38 -1.70141e+38 -394.668 -1.70141e+38 -407.891 -357.513 -407.98 -447.208 -274.783 -373.785 -373.785 -242.439 -259.422 -299.912 -299.912 -372.338 -439.225 -478.453 -468.806 -468.806
 -1.70141e+38 -1.70141e+38 -453.871 -1.70141e+38 -474.753 -415.872 -462.826 -498.877 -306.375 -433.818 -433.818 -258.505 -271.988 -307.417 -307.417 -354.758 -427.184 -463.235 -528.838 -528.838
 -1.70141e+38 -1.70141e+38 -522.48 -1.70141e+38 -542.532 -483.413 -526.539 -566.997 -343.72 -504.412 -504.412 -279.549 -292.243 -327.822 -327.822 -371.13 -418.471 -458.929 -533.829 -533.829
 -1.70141e+38 -1.70141e+38 -590.204 -1.70141e+38 -608.272 -550.457 -586.784 -625.711 -380.22 -574.315 -574.315 -303.302 -313.812 -347.318 -347.318 -388.067 -431.375 -470.301 -528.832 -528.832
 -1.70141e+38 -1.70141e+38 -667.186 -1.70141e+38 -683.075 -621.842 -648.393 -688.93 -418.711 -648.317 -648.317 -329.337 -338.109 -372.388 -372.388 -408.927 -449.676 -490.213 -544.303 -544.303
 -1.70141e+38 -1.70141e+38 -745.772 -1.70141e+38 -764.641 -692.951 -707.572 -747.15 -455.991 -723.072 -723.072 -360.887 -364.015 -404.88 -404.88 -431.567 -468.106 -507.684 -564.968 -564.968
 -1.70141e+38 -1.70141e+38 -814.537 -1.70141e+38 -837.237 -757.973 -759.852 -795.117 -489.591 -791.118 -791.118 -390.833 -390.665 -426.699 -426.699 -457.161 -483.847 -519.112 -575.73 -575.73
 -1.70141e+38 -1.70141e+38 -889.141 -1.70141e+38 -912.56 -830.962 -811.402 -847.484 -527.629 -861.005 -861.005 -426.248 -422.862 -460.921 -460.921 -478.249 -508.711 -544.793 -589.017 -589.017
 -1.70141e+38 -1.70141e+38 -960.775 -1.70141e+38 -988.911 -907.145 -862.422 -897.878 -567.543 -917.139 -917.139 -464.176 -456.339 -495.474 -495.474 -511.942 -529.269 -564.725 -614.448 -614.448
 -1.70141e+38 -1.70141e+38 -1018.44 -1.70141e+38 -1062.08 -987.352 -912.862 -948.851 -611.813 -968.004 -968.004 -504.928 -489.404 -525.224 -525.224 -545.914 -562.382 -598.37 -634.851 -634.851
 -1.70141e+38 -1.70141e+38 -1044.44 -1.70141e+38 -1094.88 -1050.32 -951.682 -978.6 -651.553 -1001.18 -1001.18 -536.525 -513.834 -533.056 -533.056 -564.044 -584.734 -611.652 -650.701 -650.701
 -1.70141e+38 -1.70141e+38 -1055.71 -1.70141e+38 -1098.96 -1094.14 -982.629 -1000.9 -686.597 -1016.72 -1016.72 -562.965 -534.895 -542.018 -542.018 -564.003 -594.991 -613.261 -649.769 -649.769
 -1.70141e+38 -1.70141e+38 -1049.34 -1.70141e+38 -1088.33 -1105.47 -999.63 -1010.48 -718.045 -1022.66 -1022.66 -583.834 -573.507 -554.51 -554.51 -559.02 -581.004 -591.859 -635.017 -635.017
 -1.70141e+38 -1.70141e+38 -1046.61 -1.70141e+38 -1073.29 -1091.11 -1010.52 -1017.21 -745.269 -1024.64 -1024.64 -604.156 -609.155 -571.586 -571.586 -565.396 -569.905 -576.597 -606.018 -606.018
 -1.70141e+38 -1.70141e+38 -1044.43 -1.70141e+38 -1066.4 -1092.91 -1022.82 -1027.8 -783.47 -1031.8 -1031.8 -640.122 -652.641 -589.475 -589.475 -583.894 -577.692 -582.669 -591.192 -591.192
 -1.70141e+38 -1.70141e+38 -1057.69 -1.70141e+38 -1070.32 -1086.7 -1042.95 -1050.15 -823.085 -1052.1 -1052.1 -687.053 -684.409 -619.534 -619.534 -609.601 -597.816 -605.015 -606.985 -606.985
 -1.70141e+38 -1.70141e+38 -1075.18 -1.70141e+38 -1080.77 -1093.57 -1059.84 -1065.92 -862.763 -1068.05 -1068.05 -726.442 -726.444 -648.721 -648.721 -636.424 -614.706 -620.787 -622.922 -622.922
 -1.70141e+38 -1.70141e+38 -1085.05 -1.70141e+38 -1092.18 -1099.77 -1076.11 -1081.68 -891.12 -1083.27 -1083.27 -754.263 -755.235 -671.491 -671.491 -664.988 -630.972 -636.551 -638.14 -638.14
 -1.70141e+38 -1.70141e+38 -1099.29 -1.70141e+38 -1101.07 -1112.61 -1089.43 -1094.09 -916.14 -1096.38 -1096.38 -791.855 -792.909 -697.625 -697.625 -684.812 -644.293 -648.952 -651.251 -651.251
 -1.70141e+38 -1.70141e+38 -1107.03 -1.70141e+38 -1109.78 -1127.48 -1099.52 -1100.97 -945.753 -1104.93 -1104.93 -825.323 -832.666 -719.749 -719.749 -707.717 -654.386 -655.835 -659.794 -659.794
 -1.70141e+38 -1.70141e+38 -1116.21 -1.70141e+38 -1118.25 -1138.56 -1110.43 -1109.94 -977.981 -1113.16 -1113.16 -864.931 -874.107 -749.219 -749.219 -730.658 -665.295 -664.807 -668.027 -668.027
 -1.70141e+38 -1.70141e+38 -1120.91 -1.70141e+38 -1123.83 -1146.34 -1115.81 -1113.06 -1005.61 -1115.1 -1115.1 -901.644 -915.686 -771.103 -771.103 -754.603 -670.679 -667.927 -669.97 -669.97
 -1.70141e+38 -1.70141e+38 -1127.19 -1.70141e+38 -1132.94 -1163.74 -1125.13 -1120.47 -1042.07 -1122.16 -1122.16 -949.207 -961.255 -800.568 -800.568 -780.423 -679.999 -675.334 -677.022 -677.022
 -1.70141e+38 -1.70141e+38 -1140.2 -1.70141e+38 -1145.23 -1167.74 -1136.55 -1131.59 -1081.75 -1131.16 -1131.16 -998.639 -1008.56 -832.316 -832.316 -811.989 -691.421 -686.458 -686.024 -686.024
 -1.70141e+38 -1.70141e+38 -1152.6 -1.70141e+38 -1161.64 -1192.7 -1151.35 -1146.83 -1129.39 -1145.05 -1145.05 -1053.73 -1068.33 -868.842 -868.842 -847.109 -706.214 -701.693 -699.922 -699.922
 -1.70141e+38 -1.70141e+38 -1155.73 -1.70141e+38 -1163.27 -1189.14 -1161 -1154.32 -1164.07 -1153.58 -1153.58 -1094.93 -1111.35 -898.799 -898.799 -878.498 -715.871 -709.183 -708.443 -708.443
 -1.70141e+38 -1.70141e+38 -1161.17 -1.70141e+38 -1163.32 -1187.4 -1169.98 -1160.04 -1193.47 -1162.01 -1162.01 -1133.8 -1149.35 -930.346 -930.346 -907.772 -724.844 -714.905 -716.88 -716.88
 -1.70141e+38 -1.70141e+38 -1169.21 -1.70141e+38 -1168.26 -1188 -1176.57 -1163.82 -1214.6 -1165.44 -1165.44 -1171.13 -1188.2 -960.53 -960.53 -936.934 -731.432 -718.683 -720.307 -720.307
 -1.70141e+38 -1.70141e+38 -1176.44 -1.70141e+38 -1178.93 -1199.1 -1187.18 -1171.9 -1217.72 -1174.67 -1174.67 -1219.4 -1235.69 -1005.84 -1005.84 -971.148 -742.051 -726.769 -729.537 -729.537
 -1.70141e+38 -1.70141e+38 -1179.93 -1.70141e+38 -1181.61 -1200.07 -1193.46 -1174.89 -1226.06 -1177.25 -1177.25 -1252.12 -1265.5 -1033.54 -1033.54 -1012.12 -748.323 -729.752 -732.12 -732.12
 -1.70141e+38 -1.70141e+38 -1186.52 -1.70141e+38 -1189.02 -1205.66 -1202.35 -1182.28 -1222.41 -1184.11 -1184.11 -1268.2 -1301.87 -1068.63 -1068.63 -1042.43 -757.215 -737.15 -738.973 -738.973
 -1.70141e+38 -1.70141e+38 -1192.98 -1.70141e+38 -1195.32 -1220.24 -1210.83 -1188.11 -1234.97 -1190.38 -1190.38 -1268.44 -1331.8 -1107.23 -1107.23 -1077.11 -765.696 -742.981 -745.247 -745.247
 -1.70141e+38 -1.70141e+38 -1199.84 -1.70141e+38 -1202.35 -1225.72 -1219.45 -1194.93 -1251.6 -1195.6 -1195.6 -1271.02 -1323.94 -1138.9 -1138.9 -1115.85 -774.314 -749.8 -750.469 -750.469
 -1.70141e+38 -1.70141e+38 -1204.35 -1.70141e+38 -1208.51 -1228.67 -1230.21 -1202.33 -1256.27 -1205.09 -1205.09 -1292.82 -1322.28 -1171.92 -1171.92 -1149.66 -785.075 -757.199 -759.952 -759.952
 -1.70141e+38 -1.70141e+38 -1215.02 -1.70141e+38 -1214.27 -1235.46 -1240.14 -1209.29 -1257.47 -1212.77 -1212.77 -1302.05 -1353.18 -1208.89 -1208.89 -1181.85 -795.007 -764.159 -767.632 -767.632
 -1.70141e+38 -1.70141e+38 -1217.02 -1.70141e+38 -1218.14 -1233.52 -1246.42 -1212.38 -1255.78 -1215.12 -1215.12 -1290.98 -1351.34 -1240.62 -1240.62 -1215.17 -801.284 -767.249 -769.984 -769.984
 -1.70141e+38 -1.70141e+38 -1225.33 -1.70141e+38 -1226.95 -1246.29 -1255.72 -1219 -1262.95 -1221.72 -1221.72 -1298.48 -1347.51 -1277.44 -1277.44 -1249.93 -810.588 -773.866 -776.584 -776.584
 -1.70141e+38 -1.70141e+38 -1236.33 -1.70141e+38 -1239.77 -1276.3 -1267.12 -1229.44 -1288.13 -1229.61 -1229.61 -1313.6 -1371.23 -1312.11 -1312.11 -1288.83 -821.983 -784.306 -784.48 -784.48
 -1.70141e+38 -1.70141e+38 -1240.11 -1.70141e+38 -1246.79 -1272.1 -1275.4 -1235.84 -1308.35 -1236.47 -1236.47 -1329.71 -1373.22 -1342.35 -1342.35 -1320.39 -830.267 -790.702 -791.339 -791.339
% name: utt2a_back
% type: matrix
% rows: 69
% columns: 20
 -1.70141e+38 -791.34 -805.939 -788.565 -805.939 -1109.67 -788.565 -788.629 -1143.99 -805.939 -804.582 -1311.38 -1267.05 -1236.47 -1267.05 -1236.47 -1236.47 -1395.84 -1.70141e+38 -1426.73
 -1.70141e+38 -784.806 -798.076 -781.947 -798.076 -1079.51 -781.947 -782.006 -1112.87 -798.076 -795.967 -1297.04 -1251.55 -1227.08 -1251.55 -1227.08 -1227.08 -1389.22 -1.70141e+38 -1418
 -1.70141e+38 -780.353 -789.956 -776.793 -789.956 -1055.72 -776.793 -776.821 -1084.67 -789.956 -790.446 -1289.04 -1245.83 -1219.07 -1245.83 -1219.07 -1219.07 -1384.04 -1.70141e+38 -1411.51
 -1.70141e+38 -776.562 -784.573 -773.441 -784.573 -1032.66 -773.441 -773.486 -1057.78 -784.573 -785.441 -1272.83 -1233.47 -1212.15 -1233.47 -1212.15 -1212.15 -1380.7 -1.70141e+38 -1405.29
 -1.70141e+38 -772.736 -779.999 -769.679 -779.999 -1017.35 -769.679 -769.727 -1037.86 -779.999 -780.681 -1271.66 -1228.89 -1205.27 -1228.89 -1205.27 -1205.27 -1376.94 -1.70141e+38 -1399.44
 -1.70141e+38 -769.08 -775.563 -766.644 -775.563 -999.841 -766.644 -766.735 -1019.34 -775.563 -775.571 -1262.86 -1224.97 -1199.18 -1224.97 -1199.18 -1199.18 -1373.95 -1.70141e+38 -1393.63
 -1.70141e+38 -765.38 -770.313 -762.143 -770.313 -984.584 -762.143 -762.183 -1004.44 -770.313 -770.307 -1266.17 -1216.34 -1192.24 -1216.34 -1192.24 -1192.24 -1369.4 -1.70141e+38 -1387.68
 -1.70141e+38 -761.852 -766.16 -759.175 -766.16 -968.994 -759.175 -759.245 -984.534 -766.16 -765.671 -1268.98 -1217.39 -1186.03 -1217.39 -1186.03 -1186.03 -1366.46 -1.70141e+38 -1382.56
 -1.70141e+38 -756.139 -758.537 -753.684 -758.537 -939.491 -753.684 -753.758 -961.763 -758.537 -758.77 -1236.95 -1206.63 -1177.85 -1206.63 -1177.85 -1177.85 -1360.97 -1.70141e+38 -1374.84
 -1.70141e+38 -750.851 -751.382 -748.231 -751.382 -914.238 -748.231 -748.245 -941.031 -751.382 -752.326 -1198.33 -1201.23 -1169.84 -1201.23 -1169.84 -1169.84 -1355.45 -1.70141e+38 -1367.13
 -1.70141e+38 -744.987 -745.1 -743.846 -745.1 -891.633 -743.846 -743.791 -914.941 -745.1 -746.25 -1160.84 -1189.14 -1161.95 -1189.14 -1161.95 -1161.95 -1350.98 -1.70141e+38 -1359.62
 -1.70141e+38 -739.349 -739.364 -739.848 -739.364 -866.392 -739.848 -739.468 -890.328 -739.364 -740.568 -1126.2 -1178.13 -1154.57 -1178.13 -1154.57 -1154.57 -1346.57 -1.70141e+38 -1352.48
 -1.70141e+38 -736.211 -736.217 -738.325 -736.217 -852.006 -738.325 -737.345 -870.44 -736.217 -737.786 -1100.41 -1175.09 -1149.3 -1175.09 -1149.3 -1149.3 -1344.04 -1.70141e+38 -1347.94
 -1.70141e+38 -731.546 -731.549 -734.265 -731.549 -839.28 -734.265 -732.991 -853.864 -731.549 -733.301 -1075.21 -1165.38 -1142.23 -1165.38 -1142.23 -1142.23 -1338.68 -1.70141e+38 -1341.54
 -1.70141e+38 -727.185 -727.185 -730.045 -727.185 -826.996 -730.045 -729.184 -834.127 -727.185 -729.734 -1045.77 -1161.87 -1134.95 -1161.87 -1134.95 -1134.95 -1333.61 -1.70141e+38 -1335.35
 -1.70141e+38 -720.754 -720.754 -728.822 -720.754 -812.558 -728.822 -722.163 -814.474 -720.754 -722.164 -1014.41 -1151.25 -1124.85 -1151.25 -1124.85 -1124.85 -1325.92 -1.70141e+38 -1326.15
 -1.70141e+38 -712.141 -712.141 -720.739 -712.141 -793.457 -720.739 -717.482 -800.16 -712.141 -717.482 -989.94 -1146.5 -1113.71 -1146.5 -1113.71 -1113.71 -1316.12 -1.70141e+38 -1316.12
 -1.70141e+38 -697.542 -698.6 -696.388 -698.6 -754.082 -696.388 -696.601 -773.734 -698.6 -700.641 -954.612 -1118.73 -1089.36 -1118.73 -1089.36 -1089.36 -1289.09 -1.70141e+38 -1297.12
 -1.70141e+38 -688.091 -689.158 -686.374 -689.158 -725.151 -686.374 -686.462 -752.196 -689.158 -689.755 -917.761 -1102.55 -1077.77 -1102.55 -1077.77 -1077.77 -1278.93 -1.70141e+38 -1285.2
 -1.70141e+38 -684.185 -684.58 -682.338 -684.58 -714.367 -682.338 -682.357 -737.934 -684.58 -685.763 -893.182 -1095.44 -1071.59 -1095.44 -1071.59 -1071.59 -1274.79 -1.70141e+38 -1279.75
 -1.70141e+38 -681.119 -681.214 -679.551 -681.214 -698.705 -679.551 -679.45 -720.344 -681.214 -681.63 -865.856 -1087.7 -1065.84 -1087.7 -1065.84 -1065.84 -1271.85 -1.70141e+38 -1274.7
 -1.70141e+38 -677.8 -677.805 -677.197 -677.805 -685.147 -677.197 -675.96 -701.414 -677.805 -676.301 -838.185 -1094.22 -1059.51 -1094.22 -1059.51 -1059.51 -1268.3 -1.70141e+38 -1269.17
 -1.70141e+38 -665.451 -664.011 -671.14 -664.011 -664.281 -671.14 -666.214 -672.308 -665.451 -666.222 -797.589 -1057.03 -1047.45 -1066.99 -1047.45 -1047.45 -1257.86 -1.70141e+38 -1257.94
 -1.70141e+38 -654.323 -650.739 -663.23 -650.739 -650.653 -663.23 -654.604 -652.882 -654.323 -654.604 -771.843 -1019.3 -1033.21 -1065.44 -1033.21 -1033.21 -1243.95 -1.70141e+38 -1245.48
 -1.70141e+38 -646.448 -645.524 -701.791 -645.524 -634.992 -701.791 -656.349 -634.992 -646.448 -656.349 -736.297 -958.223 -1024.18 -1070.5 -1024.18 -1024.18 -1237.32 -1.70141e+38 -1237.32
 -1.70141e+38 -632.938 -622.538 -723.326 -622.538 -616.153 -723.326 -671.826 -616.155 -632.938 -671.826 -686.181 -874.154 -1001.31 -1056.14 -1001.31 -1001.31 -1213.91 -1.70141e+38 -1213.91
 -1.70141e+38 -646.662 -602.976 -759.063 -602.976 -601.051 -759.063 -690.146 -601.208 -646.662 -690.146 -639.618 -787.025 -975.894 -1002.75 -975.894 -975.894 -1188.75 -1.70141e+38 -1188.75
 -1.70141e+38 -666.503 -621.161 -779.566 -621.161 -592.73 -779.566 -727.607 -592.73 -666.503 -727.607 -608.987 -720.164 -952.624 -939.517 -952.624 -952.624 -1165.1 -1.70141e+38 -1165.1
 -1.70141e+38 -698.483 -637.908 -803.095 -637.908 -592.254 -803.095 -739.586 -580.163 -698.483 -739.586 -580.163 -659.949 -924.848 -885.262 -924.848 -924.848 -1135.98 -1.70141e+38 -1135.98
 -1.70141e+38 -694.086 -635.926 -812.909 -635.926 -587.282 -812.909 -737.874 -567.029 -694.086 -737.874 -567.029 -633.29 -885.922 -851.332 -885.922 -885.922 -1090.48 -1.70141e+38 -1090.48
 -1.70141e+38 -672.162 -607.492 -787.141 -607.492 -564.426 -787.141 -716.251 -548.899 -672.162 -716.251 -548.899 -598.176 -828.492 -805.512 -828.492 -828.492 -1024.77 -1.70141e+38 -1024.77
 -1.70141e+38 -656.219 -592.077 -775.567 -592.077 -549.134 -775.567 -696.244 -532.833 -656.219 -696.244 -532.833 -568.627 -773.646 -757.518 -773.646 -773.646 -964.736 -1.70141e+38 -964.736
 -1.70141e+38 -625.65 -567.557 -746.616 -567.557 -524.536 -746.616 -671.396 -511.789 -625.65 -671.396 -511.789 -534.889 -709.933 -701.684 -709.933 -709.933 -894.143 -1.70141e+38 -894.143
 -1.70141e+38 -601.493 -539.858 -723.956 -539.858 -500.513 -723.956 -647.445 -488.037 -601.493 -647.445 -488.037 -500.627 -649.688 -646.655 -649.688 -649.688 -824.24 -1.70141e+38 -824.24
 -1.70141e+38 -573.443 -508.622 -694.391 -508.622 -468.473 -694.391 -621.81 -462.022 -573.443 -621.81 -462.001 -465.819 -588.079 -595.672 -588.079 -588.079 -750.238 -1.70141e+38 -750.238
 -1.70141e+38 -547.055 -475.988 -644.852 -475.988 -437.513 -644.852 -595.634 -431.192 -547.055 -595.634 -430.474 -431.141 -528.9 -539.304 -528.9 -528.9 -675.483 -1.70141e+38 -675.483
 -1.70141e+38 -527.588 -455.59 -592.572 -455.59 -410.966 -592.572 -597.701 -403.913 -527.588 -597.701 -401.248 -401.32 -476.62 -495.327 -476.62 -476.62 -607.436 -1.70141e+38 -607.436
 -1.70141e+38 -527.795 -429.565 -541.022 -429.565 -382.601 -541.022 -557.029 -372.928 -527.795 -557.029 -368.498 -368.51 -425.07 -446.662 -425.07 -425.07 -537.531 -1.70141e+38 -537.531
 -1.70141e+38 -487.304 -428.025 -490.001 -428.025 -353.383 -490.001 -520.1 -342.686 -487.374 -520.1 -334.999 -334.999 -374.05 -392.36 -374.05 -374.05 -467.876 -1.70141e+38 -467.876
 -1.70141e+38 -439.561 -386.07 -439.561 -386.07 -347.818 -439.561 -454.801 -309.113 -449.981 -454.801 -301.935 -301.935 -323.61 -325.552 -323.61 -323.61 -397.749 -1.70141e+38 -397.749
 -1.70141e+38 -400.741 -373.547 -400.741 -373.547 -323.098 -400.741 -402.47 -308.078 -417.58 -402.47 -277.516 -277.505 -284.79 -281.957 -284.79 -284.79 -345.416 -1.70141e+38 -345.418
 -1.70141e+38 -370.524 -363.057 -369.794 -363.057 -323.844 -369.794 -364.351 -288.054 -383.701 -364.353 -281.638 -256.454 -253.843 -256.454 -253.843 -253.843 -302.13 -1.70141e+38 -307.301
 -1.70141e+38 -351.382 -351.081 -353.522 -351.081 -313.296 -353.522 -342.597 -292.395 -351.504 -342.597 -267.185 -243.029 -236.842 -243.029 -236.842 -236.842 -274.28 -1.70141e+38 -285.545
 -1.70141e+38 -328.438 -327.551 -342.664 -327.551 -310.372 -342.664 -339.555 -286.072 -328.438 -339.601 -272.073 -231.537 -225.956 -231.537 -225.956 -225.956 -256.702 -1.70141e+38 -271.386
 -1.70141e+38 -326.173 -308.651 -354.67 -308.651 -281.782 -354.67 -325.38 -272.171 -326.173 -325.38 -250.106 -223.582 -213.649 -223.582 -213.649 -213.649 -239.418 -1.70141e+38 -256.792
 -1.70141e+38 -301.064 -300.287 -346.328 -300.287 -266.377 -346.328 -327.338 -242.167 -301.064 -327.338 -225.24 -205.819 -193.523 -205.819 -193.523 -193.523 -212.086 -1.70141e+38 -232.476
 -1.70141e+38 -309.3 -277.978 -329.484 -277.978 -265.022 -329.484 -326.462 -226.699 -309.3 -326.462 -202.778 -183.137 -176.633 -183.137 -176.633 -176.633 -189.115 -1.70141e+38 -214.438
 -1.70141e+38 -308.983 -292.301 -313.217 -292.301 -253.39 -313.217 -319.329 -236.665 -308.998 -319.943 -198.879 -173.293 -160.367 -173.293 -160.366 -160.366 -167.268 -1.70141e+38 -196.974
 -1.70141e+38 -300.005 -292.982 -299.897 -292.982 -264.748 -299.897 -302.124 -228.37 -305.087 -308.563 -199.073 -159.912 -147.159 -159.912 -147.046 -147.046 -149.284 -1.70141e+38 -182.088
 -1.70141e+38 -290.651 -294.443 -289.919 -294.443 -264.637 -289.919 -290.575 -235.135 -312.416 -297.625 -194.901 -157.963 -137.788 -157.963 -137.067 -137.067 -137.733 -1.70141e+38 -171.15
 -1.70141e+38 -281.428 -301.133 -279.742 -301.133 -262.845 -279.742 -279.942 -232.409 -307.089 -285.414 -195.527 -146.117 -128.493 -146.117 -126.879 -126.879 -127.1 -1.70141e+38 -158.939
 -1.70141e+38 -277.326 -299.344 -276.044 -299.344 -270.881 -276.044 -276.348 -235.213 -299.345 -280.212 -195.697 -144.772 -124.233 -144.772 -123.109 -123.109 -123.502 -1.70141e+38 -153.737
 -1.70141e+38 -268.45 -287.261 -268.006 -287.261 -263.107 -268.006 -268.9 -234.424 -287.427 -270.996 -187.649 -136.085 -115.308 -136.085 -114.913 -114.913 -116.033 -1.70141e+38 -144.521
 -1.70141e+38 -257.498 -269.383 -257.029 -269.383 -248.586 -257.029 -257.898 -223.422 -269.383 -260.136 -184.993 -128.3 -104.338 -128.3 -103.886 -103.886 -104.899 -1.70141e+38 -133.662
 -1.70141e+38 -244.907 -247.937 -242.704 -247.937 -240.892 -242.704 -242.769 -200.946 -247.937 -245.857 -168.329 -115.302 -91.7737 -115.302 -89.544 -89.544 -89.6578 -1.70141e+38 -119.264
 -1.70141e+38 -237.086 -237.266 -235.3 -237.266 -221.994 -235.3 -235.315 -206.22 -237.266 -239.653 -159.746 -110.71 -85.3441 -110.71 -82.1169 -82.1169 -82.1574 -1.70141e+38 -110.586
 -1.70141e+38 -233.227 -229.674 -229.917 -229.674 -213.346 -229.917 -229.605 -192.592 -233.227 -230.921 -167.354 -105.327 -79.1633 -105.327 -76.3709 -76.3709 -76.4342 -1.70141e+38 -101.759
 -1.70141e+38 -226.027 -226.027 -237.581 -226.027 -202.762 -237.581 -226.139 -186.141 -226.027 -226.139 -155.264 -112.955 -75.1433 -112.955 -72.5755 -72.5755 -72.6554 -1.70141e+38 -96.2261
 -1.70141e+38 -215.105 -215.031 -229.533 -215.031 -209.212 -229.533 -229.575 -173.046 -215.105 -236.154 -137.868 -90.7001 -67.6414 -90.7001 -64.5247 -64.5247 -64.57 -1.70141e+38 -85.1923
 -1.70141e+38 -228.194 -209.847 -226.422 -209.847 -193.966 -226.422 -226.593 -182.25 -233.311 -230.821 -138.47 -91.7708 -63.0016 -91.7708 -61.3692 -61.3692 -61.5867 -1.70141e+38 -79.7801
 -1.70141e+38 -224.222 -224.045 -219.307 -224.045 -183.949 -219.307 -219.209 -171.631 -224.222 -221.58 -140.11 -88.7232 -56.6801 -88.7232 -54.109 -54.109 -54.1886 -1.70141e+38 -70.4697
 -1.70141e+38 -215.347 -215.347 -1.70141e+38 -215.347 -192.069 -1.70141e+38 -213.477 -154.637 -215.347 -213.477 -125.6 -76.5113 -50.1216 -76.5113 -48.1996 -48.1996 -48.3578 -1.70141e+38 -62.2233
 -1.70141e+38 -205.89 -205.889 -1.70141e+38 -205.889 -212.483 -1.70141e+38 -1.70141e+38 -160.707 -205.89 -1.70141e+38 -118.584 -70.0959 -44.848 -70.0959 -41.503 -41.503 -41.5389 -1.70141e+38 -54.6368
 -1.70141e+38 -1.70141e+38 -197.139 -1.70141e+38 -197.139 -183.749 -1.70141e+38 -1.70141e+38 -183.749 -1.70141e+38 -1.70141e+38 -119.482 -67.3272 -37.073 -67.3272 -34.0878 -34.0878 -34.1396 -1.70141e+38 -44.0707
 -1.70141e+38 -1.70141e+38 -1.70141e+38 -1.70141e+38 -1.70141e+38 -166.012 -1.70141e+38 -1.70141e+38 -154.949 -1.70141e+38 -1.70141e+38 -151.003 -59.121 -30.3584 -59.121 -27.141 -27.141 -27.1802 -1.70141e+38 -33.5757
 -1.70141e+38 -1.70141e+38 -1.70141e+38 -1.70141e+38 -1.70141e+38 -1.70141e+38 -1.70141e+38 -1.70141e+38 -145.7 -1.70141e+38 -1.70141e+38 -121.44 -101.726 -27.3865 -101.726 -24.0812 -24.0812 -24.0916 -1.70141e+38 -27.7193
 -1.70141e+38 -1.70141e+38 -1.70141e+38 -1.70141e+38 -1.70141e+38 -1.70141e+38 -1.70141e+38 -1.70141e+38 -1.70141e+38 -1.70141e+38 -1.70141e+38 -102.996 -64.9122 -1.70141e+38 -64.9122 -18.0827 -18.0827 -17.5016 -1.70141e+38 -18.321
 -1.70141e+38 -1.70141e+38 -1.70141e+38 -1.70141e+38 -1.70141e+38 -1.70141e+38 -1.70141e+38 -1.70141e+38 -1.70141e+38 -1.70141e+38 -1.70141e+38 -1.70141e+38 -30.2446 -1.70141e+38 -30.2446 -1.70141e+38 -1.70141e+38 -7.64254 -1.70141e+38 -7.64254
 -1.70141e+38 -1.70141e+38 -1.70141e+38 -1.70141e+38 -1.70141e+38 -1.70141e+38 -1.70141e+38 -1.70141e+38 -1.70141e+38 -1.70141e+38 -1.70141e+38 -1.70141e+38 -1.70141e+38 0 -1.70141e+38 -1.70141e+38 -1.70141e+38 -1.70141e+38 0 -1.70141e+38
% name: utt2a_post
% type: matrix
% rows: 68
% columns: 102
 0 0 0 0 0 0 0 0 0 0 0 0 0 0 0 0 0 0 0 0 0 0 0 0 0 0 0 0 0 0 0 0 0 0 0 0 0 0 0 0 0 0 0 0 0 0 0 0 0 0 0 0 0 0 0 0 0 0 0 0 0 0 0 0 0 0 0 0 0 0 0 0 0 0 0 0 0 0 0 0 0 0 0 0 0 0 0 0 0 0 0 0 0 0 0 0 0 0 0 0.998941 0 0
 0 0 0 0 0 0 0 0 0 0 0 0 0 0 0 0 0 0 0 0 0 0 0 0 0 0 0 0 0 0 0 0 0 0 0 0 0 0 0 0 0 0 0 0 0 0 0 0 0 0 0 0 0 0 0 0 0 0 0 0 0 0 0 0 0 0 0 0 0 0 0 0 0 0 0 0 0 0 0 0 0 0 0 0 0 0 0 0 0 0 0 0 0 0 0 0 0 0 0 0.0572663 0.941675 0
 0 0 0 0 0 0 0 0 0 0 0 0 0 0 0 0 0 0 0 0 0 0 0 0 0 0 0 0 0 0 0 0 0 0 0 0 0 0 0 0 0 0 0 0 0 0 0 0 0 0 0 0 0 0 0 0 0 0 0 0 0 0 0 0 0 0 0 0 0 0 0 0 0 0 0 0 0 0 0 0 0 0 0 0 0 0 0 0 0 0 0 0 0 0 0 0 0 0 0 0.00162763 0.997314 0
 0 0 0 0 0 0 0 0 0 0 0 0 0 0 0 0 0 0 0 0 0 0 0 0 0 0 0 0 0 0 0 0 0 0 0 0 0 0 0 0 0 0 0 0 0 0 0 0 0 0 0 0 0 0 0 0 0 0 0 0 0 0 0 0 0 0 0 0 0 0 0 0 0 0 0 0 0 0 0 0 0 0 0 0 0 0 0 0 0 0 0 0 0 0 0 0 0 0 0 0 0.99887 0
 0 0 0 0 0 0 0 0 0 0 0 0 0 0 0 0 0 0 0 0 0 0 0 0 0 0 0 0 0 0 0 0 0 0 0 0 0 0 0 0 0 0 0 0 0 0 0 0 0 0 0 0 0 0 0 0 0 0 0 0 0 0 0 0 0 0 0 0 0 0 0 0 0 0 0 0 0 0 0 0 0 0 0 0 0 0 0 0 0 0 0 0 0 0 0 0 0 0 0 0 0.99887 0
 0 0 0 0 0 0 0 0 0 0 0 0 0 0 0 0 0 0 0 0 0 0 0 0 0 0 0 0 0 0 0 0 0 0 0 0 0 0 0 0 0 0 0 0 0 0 0 0 0 0 0 0 0 0 0 0 0 0 0 0 0 0 0 0 0 0 0 0 0 0 0 0 0 0 0 0 0 0 0 0 0 0 0 0 0 0 0 0 0 0 0 0 0 0 0 0 0 0 0 0 0.99887 0
 0 0 0 0 0 0 0 0 0 0 0 0 0 0 0 0 0 0 0 0 0 0 0 0 0 0 0 0 0 0 0 0 0 0 0 0 0 0 0 0 0 0 0 0 0 0 0 0 0 0 0 0 0 0 0 0 0 0 0 0 0 0 0 0 0 0 0 0 0 0 0 0 0 0 0 0 0 0 0 0 0 0 0 0 0 0 0 0 0 0 0 0 0 0 0 0 0 0 0 0 0.99887 0
 0 0 0 0 0 0 0 0 0 0 0 0 0 0 0 0 0 0 0 0 0 0 0 0 0 0 0 0 0 0 0 0 0 0 0 0 0 0 0 0 0 0 0 0 0 0 0 0 0 0 0 0 0 0 0 0 0 0 0 0 0 0 0 0 0 0 0 0 0 0 0 0 0 0 0 0 0 0 0 0 0 0 0 0 0 0 0 0 0 0 0 0 0 0 0 0 0 0 0 0 0.99887 0
 0 0 0 0 0 0 0 0 0 0 0 0 0 0 0 0 0 0 0 0 0 0 0 0 0 0 0 0 0 0 0 0 0 0 0 0 0 0 0 0 0 0 0 0 0 0 0 0 0 0 0 0 0 0 0 0 0 0 0 0 0 0 0 0 0 0 0 0 0 0 0 0 0 0 0 0 0 0 0 0 0 0.00103211 0 0 0 0 0 0 0 0 0 0 0 0 0 0 0 0 0 0 0.992221 0.00664829
 0 0 0 0 0 0 0 0 0 0 0 0 0 0 0 0 0 0 0 0 0 0 0 0 0 0 0 0 0 0 0 0 0 0 0 0 0 0 0 0 0 0 0 0 0 0 0 0 0 0 0 0 0 0 0 0 0 0 0 0 0 0 0 0 0 0 0 0 0 0 0 0 0 0 0 0 0 0 0 0 0 0.00640739 0 0 0 0 0 0 0 0 0 0 0 0 0 0 0 0 0 0 0.975465 0.0183434
 0 0 0 0 0 0 0 0 0 0 0 0 0 0 0 0 0 0 0 0 0 0 0 0 0 0 0 0 0 0 0 0 0 0 0 0 0 0 0 0 0 0 0 0 0 0 0 0 0 0 0 0 0 0 0 0 0 0 0 0 0 0 0 0 0 0 0 0 0 0 0 0 0 0 0 0 0 0 0 0 0 0.0209559 0 0 0 0 0 0 0 0 0 0 0 0 0 0 0 0 0 0 0.892015 0.0879828
 0 0 0 0 0 0 0 0 0 0 0 0 0 0 0 0 0 0 0 0 0 0 0 0 0 0 0 0 0 0 0 0 0 0 0 0 0 0 0 0 0 0 0 0 0 0 0 0 0 0 0 0 0 0 0 0 0 0 0 0 0 0 0 0 0 0 0 0 0 0 0 0 0 0 0 0 0 0 0 0 0 0.0886407 0 0 0 0 0 0 0 0 0 0 0 0 0 0 0 0 0 0 0.595198 0.317115
 0 0 0 0 0 0 0 0 0 0 0 0 0 0 0 0 0 0 0 0 0 0 0 0 0 0 0 0 0 0 0 0 0 0 0 0 0 0 0 0 0 0 0 0 0 0 0 0 0 0 0 0 0 0 0 0 0 0 0 0 0 0 0 0 0 0 0 0 0 0 0 0 0 0 0 0 0 0 0 0 0 0.35107 0 0 0 0 0 0 0 0 0 0 0 0 0 0 0 0 0 0 0.21227 0.437614
 0 0 0 0 0 0 0 0 0 0 0 0 0 0 0 0 0 0 0 0 0 0 0 0 0 0 0 0 0 0 0 0 0 0 0 0 0 0 0 0 0 0 0 0 0 0 0 0 0 0 0 0 0 0 0 0 0 0 0 0 0 0 0 0 0 0 0 0 0 0 0 0 0 0 0 0 0 0 0 0 0 0.724001 0 0 0 0 0 0 0 0 0 0 0 0 0 0 0 0 0 0 0.0566005 0.220352
 0 0 0 0 0 0 0 0 0 0 0 0 0 0 0 0 0 0 0 0 0 0 0 0 0 0 0 0 0 0 0 0 0 0 0 0 0 0 0 0 0 0 0 0 0 0 0 0 0 0 0 0 0 0 0 0 0 0 0 0 0 0 0 0 0 0 0 0 0 0 0 0 0 0 0 0 0 0 0 0 0 0.928375 0 0 0 0 0 0 0 0 0 0 0 0 0 0 0 0 0 0 0.0239298 0.0486497
 0 0 0 0 0 0 0 0 0 0 0 0 0 0 0 0 0 0 0 0 0 0 0 0 0 0 0 0 0 0 0 0 0 0 0 0 0 0 0 0 0 0 0 0 0 0 0 0 0 0 0 0 0 0 0 0 0 0 0 0 0 0 0 0 0 0 0 0 0 0 0 0 0 0 0 0 0 0 0 0 0 0.967477 0 0 0 0 0 0 0 0 0 0 0 0 0 0 0 0 0 0 0 0.0332879
 0 0 0 0 0 0 0 0 0 0 0 0 0 0 0 0 0 0 0 0 0 0 0 0 0 0 0 0 0 0 0 0 0 0 0 0 0 0 0 0 0 0 0 0 0 0 0 0 0 0 0 0 0 0 0 0 0 0 0 0 0 0 0 0 0 0 0 0 0 0 0 0 0 0 0 0 0 0 0 0 0 1.00077 0 0 0 0 0 0 0 0 0 0 0 0 0 0 0 0 0 0 0 0
 0 0 0 0 0 0 0 0 0 0 0 0 0 0 0 0 0 0 0 0 0 0 0 0 0 0 0 0 0 0 0 0 0 0 0 0 0 0 0 0 0 0 0 0 0 0 0 0 0 0 0 0 0 0 0 0 0 0 0 0 0 0 0 0 0 0 0 0 0 0 0 0 0 0 0 0 0 0 0 0 0 1.00077 0 0 0 0 0 0 0 0 0 0 0 0 0 0 0 0 0 0 0 0
 0 0 0 0 0 0 0 0 0 0 0 0 0 0 0 0 0 0 0 0 0 0 0 0 0 0 0 0 0 0 0 0 0 0 0 0 0 0 0 0 0 0 0 0 0 0 0 0 0 0 0 0 0 0 0 0 0 0 0 0 0 0 0 0 0 0 0 0 0 0 0 0 0 0 0 0 0 0 0 0 0 1.00077 0 0 0 0 0 0 0 0 0 0 0 0 0 0 0 0 0 0 0 0
 0 0 0 0 0 0 0 0 0 0 0 0 0 0 0 0 0 0 0 0 0 0 0 0 0 0 0 0 0 0 0 0 0 0 0 0 0 0 0 0 0 0 0 0 0 0 0 0 0 0 0 0 0 0 0 0 0 0 0 0 0 0 0 0 0 0 0 0 0 0 0 0 0 0 0 0 0 0 0 0 0 1.00077 0 0 0 0 0 0 0 0 0 0 0 0 0 0 0 0 0 0 0 0
 0 0 0 0 0 0 0 0 0 0 0 0 0 0 0 0 0 0 0 0 0 0 0 0 0 0 0 0 0 0 0 0 0 0 0 0 0 0 0 0 0 0 0 0 0 0 0 0 0 0 0 0 0 0 0 0 0 0 0 0 0 0 0 0 0 0 0 0 0 0 0 0 0 0 0 0 0 0 0 0 0 1.00077 0 0 0 0 0 0 0 0 0 0 0 0 0 0 0 0 0 0 0 0
 0 0 0 0 0 0 0 0 0 0 0 0 0 0 0 0 0 0 0 0 0 0 0 0 0 0 0 0 0 0 0 0 0 0 0 0 0 0 0 0 0 0 0 0 0 0 0 0 0 0 0 0 0 0 0 0 0 0 0 0 0 0 0 0 0 0 0 0 0 0 0 0 0 0 0 0 0 0 0 0 0 1.00077 0 0 0 0 0 0 0 0 0 0 0 0 0 0 0 0 0 0 0 0
 0 0 0 0 0 0 0 0 0 0 0 0 0 0 0 0 0 0 0 0 0 0 0 0 0 0 0 0 0 0 0 0 0 0 0 0 0 0 0 0 0 0 0 0 0 0 0 0 0 0 0 0 0 0 0 0 0 0 0 0 0 0 0 0 0 0 0 0 0 0 0 0 0 0 0 0 0 0 0 0 0 0.237054 0.763712 0 0 0 0 0 0 0 0 0 0 0 0 0 0 0 0 0 0 0
 0 0 0 0 0 0 0 0 0 0 0 0 0 0 0 0 0 0 0 0 0 0 0 0 0 0 0 0 0 0 0 0 0 0 0 0 0 0 0 0 0 0 0 0 0 0 0 0 0 0 0 0 0 0 0 0 0 0 0 0 0 0 0 0 0 0 0 0 0 0 0 0 0 0 0 0 0 0 0 0 0 0.00658116 0.911913 0.0822712 0 0 0 0 0 0 0 0 0 0 0 0 0 0 0 0 0 0
 0 0 0 0 0 0 0 0 0 0 0 0 0 0 0 0 0 0 0 0 0 0 0 0 0 0 0 0 0 0 0 0 0 0 0 0 0 0 0 0 0 0 0 0 0 0 0 0 0 0 0 0 0 0 0 0 0 0 0 0 0 0 0 0 0 0 0 0 0 0 0 0 0 0 0 0 0 0 0 0 0 0.00261123 0.00396993 0.994184 0 0 0 0 0 0 0 0 0 0 0 0 0 0 0 0 0 0
 0 0 0 0 0 0 0 0 0 0 0 0 0 0 0 0 0 0 0 0 0 0 0 0 0 0 0 0 0 0 0 0 0 0 0 0 0 0 0 0 0 0 0 0 0 0 0 0 0 0 0 0 0 0 0 0 0 0 0 0 0 0 0 0 0 0 0 0 0 0 0 0 0 0 0 0 0 0 0 0 0 0 0.00261123 0.998162 0 0 0 0 0 0 0 0 0 0 0 0 0 0 0 0 0 0
 0 0 0 0 0 0 0 0 0 0 0 0 0 0 0 0 0 0 0 0 0 0 0 0 0 0 0 0 0 0 0 0 0 0 0 0 0 0 0 0 0 0 0 0 0 0 0 0 0 0 0 0 0 0 0 0 0 0 0 0 0 0 0 0 0 0 0 0 0 0 0 0 0 0 0 0 0 0 0 0 0 0 0 1.0004 0 0 0 0 0 0 0 0 0 0 0 0 0 0 0 0 0 0
 0 0 0 0 0 0 0 0 0 0 0 0 0 0 0 0 0 0 0 0 0 0 0 0 0 0 0 0 0 0 0 0 0 0 0 0 0 0 0 0 0 0 0 0 0 0 0 0 0 0 0 0 0 0 0 0 0 0 0 0 0 0 0 0 0 0 0 0 0 0 0 0 0 0 0 0 0 0 0 0 0 0 0 1.0004 0 0 0 0 0 0 0 0 0 0 0 0 0 0 0 0 0 0
 0 0 0 0 0 0 0 0 0 0 0 0 0 0 0 0 0 0 0 0 0 0 0 0 0 0 0 0 0 0 0 0 0 0 0 0 0 0 0 0 0 0 0 0 0 0 0 0 0 0 0 0 0 0 0 0 0 0 0 0 0 0 0 0 0 0 0 0 0 0 0 0 0 0 0 0 0 0 0 0 0 0 0 0 1.0004 0 0 0 0 0 0 0 0 0 0 0 0 0 0 0 0 0
 0 0 0 0 0 0 0 0 0 0 0 0 0 0 0 0 0 0 0 0 0 0 0 0 0 0 0 0 0 0 0 0 0 0 0 0 0 0 0 0 0 0 0 0 0 0 0 0 0 0 0 0 0 0 0 0 0 0 0 0 0 0 0 0 0 0 0 0 0 0 0 0 0 0 0 0 0 0 0 0 0 0 0 0 1.0004 0 0 0 0 0 0 0 0 0 0 0 0 0 0 0 0 0
 0 0 0 0 0 0 0 0 0 0 0 0 0 0 0 0 0 0 0 0 0 0 0 0 0 0 0 0 0 0 0 0 0 0 0 0 0 0 0 0 0 0 0 0 0 0 0 0 0 0 0 0 0 0 0 0 0 0 0 0 0 0 0 0 0 0 0 0 0 0 0 0 0 0 0 0 0 0 0 0 0 0 0 0 1.0004 0 0 0 0 0 0 0 0 0 0 0 0 0 0 0 0 0
 0 0 0 0 0 0 0 0 0 0 0 0 0 0 0 0 0 0 0 0 0 0 0 0 0 0 0 0 0 0 0 0 0 0 0 0 0 0 0 0 0 0 0 0 0 0 0 0 0 0 0 0 0 0 0 0 0 0 0 0 0 0 0 0 0 0 0 0 0 0 0 0 0 0 0 0 0 0 0 0 0 0 0 0 1.0004 0 0 0 0 0 0 0 0 0 0 0 0 0 0 0 0 0
 0 0 0 0 0 0 0 0 0 0 0 0 0 0 0 0 0 0 0 0 0 0 0 0 0 0 0 0 0 0 0 0 0 0 0 0 0 0 0 0 0 0 0 0 0 0 0 0 0 0 0 0 0 0 0 0 0 0 0 0 0 0 0 0 0 0 0 0 0 0 0 0 0 0 0 0 0 0 0 0 0 0 0 0 1.0004 0 0 0 0 0 0 0 0 0 0 0 0 0 0 0 0 0
 0 0 0 0 0 0 0 0 0 0 0 0 0 0 0 0 0 0 0 0 0 0 0 0 0 0 0 0 0 0 0 0 0 0 0 0 0 0 0 0 0 0 0 0 0 0 0 0 0 0 0 0 0 0 0 0 0 0 0 0 0 0 0 0 0 0 0 0 0 0 0 0 0 0 0 0 0 0 0 0 0 0 0 0 1.0004 0 0 0 0 0 0 0 0 0 0 0 0 0 0 0 0 0
 0 0 0 0 0 0 0 0 0 0 0 0 0 0 0 0 0 0 0 0 0 0 0 0 0 0 0 0 0 0 0 0 0 0 0 0 0 0 0 0 0 0 0 0 0 0 0 0 0 0 0 0 0 0 0 0 0 0 0 0 0 0 0 0 0 0 0 0 0 0 0 0 0 0 0 0 0 0 0 0 0 0 0 0 0.978413 0.0219852 0 0 0 0 0 0 0 0 0 0 0 0 0 0 0 0
 0 0 0 0 0 0 0 0 0 0 0 0 0 0 0 0 0 0 0 0 0 0 0 0 0 0 0 0 0 0 0 0 0 0 0 0 0 0 0 0 0 0 0 0 0 0 0 0 0 0 0 0 0 0 0 0 0 0 0 0 0 0 0 0 0 0 0 0 0 0 0 0 0 0 0 0 0 0 0 0 0 0 0 0 0.476341 0.524057 0 0 0 0 0 0 0 0 0 0 0 0 0 0 0 0
 0 0 0 0 0 0 0 0 0 0 0 0 0 0 0 0 0 0 0 0 0 0 0 0 0 0 0 0 0 0 0 0 0 0 0 0 0 0 0 0 0 0 0 0 0 0 0 0 0 0 0 0 0 0 0 0 0 0 0 0 0 0 0 0 0 0 0 0 0 0 0 0 0 0 0 0 0 0 0 0 0 0 0 0 0.0331247 0.967273 0 0 0 0 0 0 0 0 0 0 0 0 0 0 0 0
 0 0 0 0 0 0 0 0 0 0 0 0 0 0 0 0 0 0 0 0 0 0 0 0 0 0 0 0 0 0 0 0 0 0 0 0 0 0 0 0 0 0 0 0 0 0 0 0 0 0 0 0 0 0 0 0 0 0 0 0 0 0 0 0 0 0 0 0 0 0 0 0 0 0 0 0 0 0 0 0 0 0 0 0 0 1 0 0 0 0 0 0 0 0 0 0 0 0 0 0 0 0
 0 0 0 0 0 0 0 0 0 0 0 0 0 0 0 0 0 0 0 0 0 0 0 0 0 0 0 0 0 0 0 0 0 0 0 0 0 0 0 0 0 0 0 0 0 0 0 0 0 0 0 0 0 0 0 0 0 0 0 0 0 0 0 0 0 0 0 0 0 0 0 0 0 0 0 0 0 0 0 0 0 0 0 0 0 1 0 0 0 0 0 0 0 0 0 0 0 0 0 0 0 0
 0 0 0 0 0 0 0 0 0 0 0 0 0 0 0 0 0 0 0 0 0 0 0 0 0 0 0 0 0 0 0 0 0 0 0 0 0 0 0 0 0 0 0 0 0 0 0 0 0 0 0 0 0 0 0 0 0 0 0 0 0 0 0 0 0 0 0 0 0 0 0 0 0 0 0 0 0 0 0 0 0 0 0 0 0 1 0 0 0 0 0 0 0 0 0 0 0 0 0 0 0 0
 0 0 0 0 0 0 0 0 0 0 0 0 0 0 0 0 0 0 0 0 0 0 0 0 0 0 0 0 0 0 0 0 0 0 0 0 0 0 0 0 0 0 0 0 0 0 0 0 0 0 0 0 0 0 0 0 0 0 0 0 0 0 0 0 0 0 0 0 0 0 0 0 0 0 0 0 0 0 0 0 0 0 0 0 0 0.989144 0.0108592 0 0 0 0 0 0 0 0 0 0 0 0 0 0 0
 0 0 0 0 0 0 0 0 0 0 0 0 0 0 0 0 0 0 0 0 0 0 0 0 0 0 0 0 0 0 0 0 0 0 0 0 0 0 0 0 0 0 0 0 0 0 0 0 0 0 0 0 0 0 0 0 0 0 0 0 0 0 0 0 0 0 0 0 0 0 0 0 0 0 0 0 0 0 0 0 0 0 0 0 0 0 0.989144 0 0 0 0 0 0 0 0 0 0 0 0 0.0108592 0 0
 0 0 0 0 0 0 0 0 0 0 0 0 0 0 0 0 0 0 0 0 0 0 0 0 0 0 0 0 0 0 0 0 0 0 0 0 0 0 0 0 0 0 0 0 0 0 0 0 0 0 0 0 0 0 0 0 0 0 0 0 0 0 0 0 0 0 0 0 0 0 0 0 0 0 0 0 0 0 0 0 0 0 0 0 0 0 0.00202216 0 0 0 0 0 0 0 0 0 0 0 0 0.997974 0 0
 0 0 0 0 0 0 0 0 0 0 0 0 0 0 0 0 0 0 0 0 0 0 0 0 0 0 0 0 0 0 0 0 0 0 0 0 0 0 0 0 0 0 0 0 0 0 0 0 0 0 0 0 0 0 0 0 0 0 0 0 0 0 0 0 0 0 0 0 0 0 0 0 0 0 0 0 0 0 0 0 0 0 0 0 0 0 0 0 0 0 0 0 0 0 0 0 0 0 0 0.999996 0 0
 0 0 0 0 0 0 0 0 0 0 0 0 0 0 0 0 0 0 0 0 0 0 0 0 0 0 0 0 0 0 0 0 0 0 0 0 0 0 0 0 0 0 0 0 0 0 0 0 0 0 0 0 0 0 0 0 0 0 0 0 0 0 0 0 0 0 0 0 0 0 0 0 0 0 0 0 0 0 0 0 0 0 0 0 0 0 0 0 0 0 0 0 0 0 0 0 0 0 0 0.999996 0 0
 0 0 0 0 0 0 0 0 0 0 0 0 0 0 0 0 0 0 0 0 0 0 0 0 0 0 0 0 0 0 0 0 0 0 0 0 0 0 0 0 0 0 0 0 0 0 0 0 0 0 0 0 0 0 0 0 0 0 0 0 0 0 0 0 0 0 0 0 0 0 0 0 0 0 0 0 0 0 0 0 0 0 0 0 0 0 0 0 0 0 0 0 0 0 0 0 0 0 0 0.999996 0 0
 0 0 0 0 0 0 0 0 0 0 0 0 0 0 0 0 0 0 0 0 0 0 0 0 0 0 0 0 0 0 0 0 0 0 0 0 0 0 0 0 0 0 0 0 0 0 0 0 0 0 0 0 0 0 0 0 0 0 0 0 0 0 0 0 0 0 0 0 0 0 0 0 0 0 0 0 0 0 0 0 0 0 0 0 0 0 0 0 0 0 0 0 0 0 0 0 0 0 0 0.999996 0 0
 0 0 0 0 0 0 0 0 0 0 0 0 0 0 0 0 0 0 0 0 0 0 0 0 0 0 0 0 0 0 0 0 0 0 0 0 0 0 0 0 0 0 0 0 0 0 0 0 0 0 0 0 0 0 0 0 0 0 0 0 0 0 0 0 0 0 0 0 0 0 0 0 0 0 0 0 0 0 0 0 0 0 0 0 0 0 0 0 0 0 0 0 0 0 0 0 0 0 0 0.99899 0.00100616 0
 0 0 0 0 0 0 0 0 0 0 0 0 0 0 0 0 0 0 0 0 0 0 0 0 0 0 0 0 0 0 0 0 0 0 0 0 0 0 0 0 0 0 0 0 0 0 0 0 0 0 0 0 0 0 0 0 0 0 0 0 0 0 0 0 0 0 0 0 0 0 0 0 0 0 0 0 0 0 0 0 0 0 0 0 0 0 0 0 0 0 0 0 0 0 0 0 0 0 0 0.892431 0.107568 0
 0 0 0 0 0 0 0 0 0 0 0 0 0 0 0 0 0 0 0 0 0 0 0 0 0 0 0 0 0 0 0 0 0 0 0 0 0 0 0 0 0 0 0 0 0 0 0 0 0 0 0 0 0 0 0 0 0 0 0 0 0 0 0 0 0 0 0 0 0 0 0 0 0 0 0 0 0 0 0 0 0 0 0 0 0 0 0 0 0 0 0 0 0 0 0 0 0 0 0 0.434028 0.565971 0
 0 0 0 0 0 0 0 0 0 0 0 0 0 0 0 0 0 0 0 0 0 0 0 0 0 0 0 0 0 0 0 0 0 0 0 0 0 0 0 0 0 0 0 0 0 0 0 0 0 0 0 0 0 0 0 0 0 0 0 0 0 0 0 0 0 0 0 0 0 0 0 0 0 0 0 0 0 0 0 0 0 0 0 0 0 0 0 0 0 0 0 0 0 0 0 0 0 0 0 0.0863632 0.913636 0
 0 0 0 0 0 0 0 0 0 0 0 0 0 0 0 0 0 0 0 0 0 0 0 0 0 0 0 0 0 0 0 0 0 0 0 0 0 0 0 0 0 0 0 0 0 0 0 0 0 0 0 0 0 0 0 0 0 0 0 0 0 0 0 0 0 0 0 0 0 0 0 0 0 0 0 0 0 0 0 0 0 0 0 0 0 0 0 0 0 0 0 0 0 0 0 0 0 0 0 0.028056 0.971944 0
 0 0 0 0 0 0 0 0 0 0 0 0 0 0 0 0 0 0 0 0 0 0 0 0 0 0 0 0 0 0 0 0 0 0 0 0 0 0 0 0 0 0 0 0 0 0 0 0 0 0 0 0 0 0 0 0 0 0 0 0 0 0 0 0 0 0 0 0 0 0 0 0 0 0 0 0 0 0 0 0 0 0 0 0 0 0 0 0 0 0 0 0 0 0 0 0 0 0 0 0.018906 0.981094 0
 0 0 0 0 0 0 0 0 0 0 0 0 0 0 0 0 0 0 0 0 0 0 0 0 0 0 0 0 0 0 0 0 0 0 0 0 0 0 0 0 0 0 0 0 0 0 0 0 0 0 0 0 0 0 0 0 0 0 0 0 0 0 0 0 0 0 0 0 0 0 0 0 0 0 0 0 0 0 0 0 0 0 0 0 0 0 0 0 0 0 0 0 0 0 0 0 0 0 0 0.0120402 0.987959 0
 0 0 0 0 0 0 0 0 0 0 0 0 0 0 0 0 0 0 0 0 0 0 0 0 0 0 0 0 0 0 0 0 0 0 0 0 0 0 0 0 0 0 0 0 0 0 0 0 0 0 0 0 0 0 0 0 0 0 0 0 0 0 0 0 0 0 0 0 0 0 0 0 0 0 0 0 0 0 0 0 0 0 0 0 0 0 0 0 0 0 0 0 0 0 0 0 0 0 0 0.00129506 0.998705 0
 0 0 0 0 0 0 0 0 0 0 0 0 0 0 0 0 0 0 0 0 0 0 0 0 0 0 0 0 0 0 0 0 0 0 0 0 0 0 0 0 0 0 0 0 0 0 0 0 0 0 0 0 0 0 0 0 0 0 0 0 0 0 0 0 0 0 0 0 0 0 0 0 0 0 0 0 0 0 0 0 0 0 0 0 0 0 0 0 0 0 0 0 0 0 0 0 0 0 0 0 0.999948 0
 0 0 0 0 0 0 0 0 0 0 0 0 0 0 0 0 0 0 0 0 0 0 0 0 0 0 0 0 0 0 0 0 0 0 0 0 0 0 0 0 0 0 0 0 0 0 0 0 0 0 0 0 0 0 0 0 0 0 0 0 0 0 0 0 0 0 0 0 0 0 0 0 0 0 0 0 0 0 0 0 0 0 0 0 0 0 0 0 0 0 0 0 0 0 0 0 0 0 0 0 0.999948 0
 0 0 0 0 0 0 0 0 0 0 0 0 0 0 0 0 0 0 0 0 0 0 0 0 0 0 0 0 0 0 0 0 0 0 0 0 0 0 0 0 0 0 0 0 0 0 0 0 0 0 0 0 0 0 0 0 0 0 0 0 0 0 0 0 0 0 0 0 0 0 0 0 0 0 0 0 0 0 0 0 0 0 0 0 0 0 0 0 0 0 0 0 0 0 0 0 0 0 0 0 0.999948 0
 0 0 0 0 0 0 0 0 0 0 0 0 0 0 0 0 0 0 0 0 0 0 0 0 0 0 0 0 0 0 0 0 0 0 0 0 0 0 0 0 0 0 0 0 0 0 0 0 0 0 0 0 0 0 0 0 0 0 0 0 0 0 0 0 0 0 0 0 0 0 0 0 0 0 0 0 0 0 0 0 0 0 0 0 0 0 0 0 0 0 0 0 0 0 0 0 0 0 0 0 0.999948 0
 0 0 0 0 0 0 0 0 0 0 0 0 0 0 0 0 0 0 0 0 0 0 0 0 0 0 0 0 0 0 0 0 0 0 0 0 0 0 0 0 0 0 0 0 0 0 0 0 0 0 0 0 0 0 0 0 0 0 0 0 0 0 0 0 0 0 0 0 0 0 0 0 0 0 0 0 0 0 0 0 0 0 0 0 0 0 0 0 0 0 0 0 0 0 0 0 0 0 0 0 0.999948 0
 0 0 0 0 0 0 0 0 0 0 0 0 0 0 0 0 0 0 0 0 0 0 0 0 0 0 0 0 0 0 0 0 0 0 0 0 0 0 0 0 0 0 0 0 0 0 0 0 0 0 0 0 0 0 0 0 0 0 0 0 0 0 0 0 0 0 0 0 0 0 0 0 0 0 0 0 0 0 0 0 0 0 0 0 0 0 0 0 0 0 0 0 0 0 0 0 0 0 0 0 0.999948 0
 0 0 0 0 0 0 0 0 0 0 0 0 0 0 0 0 0 0 0 0 0 0 0 0 0 0 0 0 0 0 0 0 0 0 0 0 0 0 0 0 0 0 0 0 0 0 0 0 0 0 0 0 0 0 0 0 0 0 0 0 0 0 0 0 0 0 0 0 0 0 0 0 0 0 0 0 0 0 0 0 0 0 0 0 0 0 0 0 0 0 0 0 0 0 0 0 0 0 0 0 0.999948 0
 0 0 0 0 0 0 0 0 0 0 0 0 0 0 0 0 0 0 0 0 0 0 0 0 0 0 0 0 0 0 0 0 0 0 0 0 0 0 0 0 0 0 0 0 0 0 0 0 0 0 0 0 0 0 0 0 0 0 0 0 0 0 0 0 0 0 0 0 0 0 0 0 0 0 0 0 0 0 0 0 0 0 0 0 0 0 0 0 0 0 0 0 0 0 0 0 0 0 0 0 0.999948 0
 0 0 0 0 0 0 0 0 0 0 0 0 0 0 0 0 0 0 0 0 0 0 0 0 0 0 0 0 0 0 0 0 0 0 0 0 0 0 0 0 0 0 0 0 0 0 0 0 0 0 0 0 0 0 0 0 0 0 0 0 0 0 0 0 0 0 0 0 0 0 0 0 0 0 0 0 0 0 0 0 0 0 0 0 0 0 0 0 0 0 0 0 0 0 0 0 0 0 0 0 0.999948 0
 0 0 0 0 0 0 0 0 0 0 0 0 0 0 0 0 0 0 0 0 0 0 0 0 0 0 0 0 0 0 0 0 0 0 0 0 0 0 0 0 0 0 0 0 0 0 0 0 0 0 0 0 0 0 0 0 0 0 0 0 0 0 0 0 0 0 0 0 0 0 0 0 0 0 0 0 0 0 0 0 0 0 0 0 0 0 0 0 0 0 0 0 0 0 0 0 0 0 0 0 0.998279 0.00166898
 0 0 0 0 0 0 0 0 0 0 0 0 0 0 0 0 0 0 0 0 0 0 0 0 0 0 0 0 0 0 0 0 0 0 0 0 0 0 0 0 0 0 0 0 0 0 0 0 0 0 0 0 0 0 0 0 0 0 0 0 0 0 0 0 0 0 0 0 0 0 0 0 0 0 0 0 0 0 0 0 0 0 0 0 0 0 0 0 0 0 0 0 0 0 0 0 0 0 0 0 0.971747 0.0282531
 0 0 0 0 0 0 0 0 0 0 0 0 0 0 0 0 0 0 0 0 0 0 0 0 0 0 0 0 0 0 0 0 0 0 0 0 0 0 0 0 0 0 0 0 0 0 0 0 0 0 0 0 0 0 0 0 0 0 0 0 0 0 0 0 0 0 0 0 0 0 0 0 0 0 0 0 0 0 0 0 0 0 0 0 0 0 0 0 0 0 0 0 0 0 0 0 0 0 0 0 0.543478 0.456522
 0 0 0 0 0 0 0 0 0 0 0 0 0 0 0 0 0 0 0 0 0 0 0 0 0 0 0 0 0 0 0 0 0 0 0 0 0 0 0 0 0 0 0 0 0 0 0 0 0 0 0 0 0 0 0 0 0 0 0 0 0 0 0 0 0 0 0 0 0 0 0 0 0 0 0 0 0 0 0 0 0 0 0 0 0 0 0 0 0 0 0 0 0 0 0 0 0 0 0 0 0 1
